5
o1l [-8] [8] [2] [3.5] [4] [2] 
o100 cPlQEE[34] [2] 
o100 call [8] [-8] [3] [3.5] [4] [3] [3.0] [4] [44]
o201 c [-8] [8] [3] [3.5] [4] [-8] [3] [3.5] [4] [8] [8][3] [2.5] [4] [2] 	 [8] [-8] [3] [3.5] [4] [4] [2] 
o100 call [8] [-8] [3] [3.5] [4] [8] [8] [3][3.5] [4] [2] 	
o100 cal[-8] [4] [3.5]
o101 call [-8] [8] [3] [3.5] [4] [2] 
o1all [-8][8] [3] [5] [4] [2] 
o10 [3.5] [3.5] [4] [2] [3.54] [2] 

o101 call [-8] [8] [3] [3.5] [4] [2] 
o100 call [8] [-8] [3][-8] [3] [3.5] [4] [3] [3.0] [4] [44] [2] 

o201c [-8] [8] [3] [3.5] [4] [-8] [3] [3.5] [4] [8] [8] [3] [2.5] [4] [2] 	 [8] [-8] [3] [3.5] [4] [4] [2] 
o100 call [8] [-8] [3] [3.5] [4] [8] [8] [3][8] [-8] [3][3.5] [4] [3] [3.5] [8] [3] 
3.5] 3.5] M[42
