(beforas bee)
g1f
o10[4] [8]  f10z5
o10[4] [8] [8] [3] [3.5] [4] [2] 	
o10 [8][-8] [33.5] [4] [2] [3.54] [2-8] [8] [3] [3.5] [4] [2] 
o10all [8] [-8] [3] [3.] [4] [24] [2] 
o100 call [8] [-8] [3] [3.5] [4] [8] [8] [3.5] [4] [2] 	
p100 o’œ1 cal[-8] [8] [3] [3] [2] 
o100ll [8] [-8] [3] [3.5] [4] [3] [3.5] [4] [3]
3
o [-8] [8] [3] [3.5] [4] [2] [8] [3] [3.5] [4] [2] 	
o100 l [8][-8] [33.5] [4] [2] [3.54] [2-8] [8] [3] [3.5] [4] [2] 
o00 call [8] [-8] [3] [3.] [4] [24] [2] 
o10all [8] [-8] [3] [5][4] [8] [8] [3] [3.5] [4] [2] 	
p100 o’œ1 cal[-8] [8] [3] [3] [2] 
o100 [8] [-8] [3] [3.5][4] [3] [3.5] [4] [3]
3
o’œo1
o1
o1
o1
o1
o1
o1
o0
o12] 
o1
