G;
 ;
';
1;
1;
 ;
0;
0;
3;`
 
0;
0;
3;
1;
 ;
';
1;
1;
 
0;
0;
3;`

 ;
';
1;
1;
 ;
0;
0;
3;`
 
0;
0;
3;
1;
 ;
';
1;
1;
 
0;
0;
3;`
 
0;
0;
3;;
3;`
 
0;
0;
3;Y
1;
 ;
';
0;
0;
3;`
 
0;
0;
0;Y
1;
 ;
';
0;
0
 ;
';e
1;;
';nozz
0;Y
1;
 ;
';
0;

z
0;Y
 ;
';
1;
1;
 ;
0;
0;
3;`
 
0;
0;
3;
1;
 ;
';
1;
1;
 
0;
0;
3;`

 ;
';
1;
1;
 ;
0;
0;
3;`
 
0;
0;
3;
1;
 ;
';
1;
1;
 
0;
0;
3;`
 
0;
0;
3;;
3;`
 
0;
0;
3;Y
1;
 ;
';
0;
0;
3;`
 
0;
0;

1;
 ;
';
0;
0;
3;.2Z0 
M
'