G;
 ;
';
1;
1;
 ;
0;
0;
3;`
 
0;
0;
3;
1;
 ;
';
1;
1;
 
0;
0;
3;`

 ;
';
1;
1;
 ;
0;
0;
3;`
 
0;
0;
3;
1;
 ;
';
1;
1;
 
0;
0;
3;`
 
0;
0;
3;;
3;`
 
0;
0;
3;Y
1;
 ;
';
0;
0;
3;`
 

1;
1;
 ;
0;
0;
3;`
 
0;
0;
3;
1;
 ;
';
1;
1;
0;
0;
3;`
 
0;
0;
3;;
2;`
 
0;
0;
3;Y
1;
 ;
';
0;
0;
3;`
 
0;
0;;
 ;
';
1;
1;
 ;
0;
0;
3;`
 
0;
0;
3;
1;
 ;
';
1;
1;
 
0;
0;
3;`

 ;
';
1;
1;
 ;
0;
0;
3;`
 
0;
0;
3;
1;
 ;
';
1;
1;
 
0;
0;
3;`

1;
 ;
';
0;
0;
3;.2Z0 
M
'